finalproject/gy301_3dprint.asc
ncols         87
nrows         83
xllcorner     -11964972.651449
yllcorner     4580689.7806502
cellsize      11.611973676531
NODATA_value  -9999
[rows 38 to 75 of 83, columns 0 to 83 of 87]
-9999 3295 3292 3288 3284 3280 3270 3264 3258 3253 3249 3246 3244 3243 3239 3236 3234 3231 3228 3225 3223 3218 3215 3212 3207 3203 3198 3194 3189 3180 3175 3170 3165 3160 3156 3152 3149 3143 3138 3133 3128 3122 3118 3113 3109 3100 3096 3091 3086 3080 3075 3069 3062 3058 3059 3059 3061 3063 3064 3064 3063 3060 3059 3059 3059 3058 3057 3055 3052 3054 3052 3055 3058 3059 3059 3060 3060 3062 3063 3064 3065 3066 3067 3069
-9999 3298 3294 3290 3286 3281 3269 3263 3259 3257 3256 3254 3252 3251 3246 3244 3242 3238 3235 3232 3230 3225 3222 3217 3212 3207 3203 3199 3194 3184 3179 3174 3169 3164 3161 3157 3153 3143 3137 3133 3128 3124 3120 3116 3112 3104 3099 3094 3088 3083 3078 3072 3067 3060 3059 3058 3058 3060 3060 3059 3057 3053 3052 3052 3053 3052 3052 3051 3050 3051 3050 3054 3056 3057 3058 3059 3059 3060 3061 3063 3063 3064 3065 3066
-9999 3300 3296 3292 3287 3281 3270 3268 3266 3265 3264 3262 3260 3259 3255 3253 3249 3246 3243 3240 3237 3232 3227 3222 3217 3213 3208 3203 3198 3188 3183 3178 3173 3168 3165 3160 3155 3143 3139 3135 3131 3127 3123 3119 3115 3105 3100 3095 3090 3085 3080 3075 3070 3063 3060 3057 3057 3057 3056 3055 3052 3049 3048 3047 3047 3047 3047 3047 3048 3048 3049 3052 3054 3056 3058 3058 3058 3059 3059 3060 3061 3062 3063 3063
-9999 3303 3298 3293 3287 3282 3277 3277 3276 3273 3272 3269 3267 3266 3263 3260 3256 3254 3251 3248 3245 3237 3232 3227 3222 3218 3212 3207 3202 3191 3186 3181 3177 3173 3168 3162 3156 3146 3142 3139 3135 3130 3125 3119 3114 3104 3099 3094 3089 3085 3082 3078 3075 3066 3061 3058 3057 3056 3056 3055 3053 3051 3049 3047 3045 3044 3043 3044 3045 3044 3045 3047 3049 3052 3055 3057 3057 3057 3057 3058 3058 3060 3060 3061
-9999 3304 3298 3293 3288 3287 3287 3286 3283 3281 3279 3276 3274 3273 3270 3267 3264 3262 3260 3256 3252 3242 3237 3232 3228 3222 3217 3211 3205 3194 3189 3185 3181 3176 3169 3163 3158 3150 3146 3142 3137 3130 3123 3117 3112 3103 3099 3095 3093 3090 3087 3086 3083 3070 3065 3062 3060 3059 3058 3057 3056 3057 3055 3052 3049 3045 3043 3042 3042 3042 3041 3042 3043 3046 3049 3053 3055 3056 3056 3056 3056 3058 3059 3059
-9999 3304 3299 3296 3296 3296 3296 3293 3290 3288 3285 3282 3280 3279 3277 3274 3272 3270 3267 3263 3258 3248 3242 3237 3231 3226 3219 3213 3207 3198 3194 3189 3184 3177 3171 3166 3162 3154 3150 3145 3138 3131 3124 3117 3113 3107 3104 3102 3101 3098 3096 3093 3087 3074 3071 3069 3067 3065 3064 3063 3063 3064 3062 3058 3052 3046 3043 3042 3040 3039 3038 3038 3038 3040 3044 3048 3051 3054 3056 3056 3056 3057 3058 3058
-9999 3305 3304 3304 3305 3306 3304 3301 3297 3294 3292 3289 3287 3285 3283 3282 3280 3277 3273 3268 3263 3252 3246 3240 3233 3227 3221 3216 3211 3202 3196 3190 3184 3179 3174 3169 3166 3157 3152 3146 3139 3132 3125 3121 3121 3115 3113 3112 3110 3106 3102 3096 3089 3080 3078 3076 3073 3071 3071 3071 3071 3070 3067 3060 3054 3047 3043 3042 3041 3038 3037 3036 3035 3035 3037 3040 3043 3050 3053 3055 3056 3057 3058 3057
-9999 3312 3312 3313 3315 3315 3312 3308 3304 3301 3299 3296 3293 3291 3289 3288 3285 3282 3278 3273 3267 3254 3248 3241 3235 3230 3224 3219 3213 3202 3196 3191 3186 3182 3177 3173 3169 3156 3150 3144 3137 3131 3130 3130 3130 3125 3122 3119 3115 3110 3103 3096 3091 3087 3085 3082 3079 3077 3078 3079 3079 3074 3069 3062 3056 3049 3045 3044 3042 3039 3037 3036 3034 3033 3032 3033 3035 3043 3047 3052 3054 3056 3056 3057
-9999 3322 3323 3323 3324 3324 3319 3314 3311 3308 3306 3303 3300 3297 3294 3293 3290 3286 3281 3275 3269 3257 3251 3245 3239 3232 3225 3219 3213 3203 3198 3194 3190 3186 3182 3176 3170 3156 3150 3143 3141 3141 3141 3141 3139 3133 3128 3123 3116 3110 3104 3099 3098 3093 3091 3087 3083 3083 3085 3085 3084 3077 3072 3066 3060 3054 3050 3047 3044 3041 3040 3037 3034 3032 3031 3030 3030 3036 3041 3046 3049 3053 3055 3054
-9999 3322 3323 3323 3324 3324 3319 3314 3311 3308 3306 3303 3300 3297 3294 3293 3290 3286 3281 3275 3269 3257 3251 3245 3239 3232 3225 3219 3213 3203 3198 3194 3190 3186 3182 3176 3170 3156 3150 3143 3141 3141 3141 3141 3139 3133 3128 3123 3116 3110 3104 3099 3098 3093 3091 3087 3083 3083 3085 3085 3084 3077 3072 3066 3060 3054 3050 3047 3044 3041 3040 3037 3034 3032 3031 3030 3030 3036 3041 3046 3049 3053 3055 3054
-9999 3331 3332 3332 3332 3332 3325 3321 3319 3316 3312 3309 3306 3302 3299 3298 3295 3290 3285 3278 3272 3261 3255 3248 3240 3233 3226 3221 3216 3206 3202 3198 3194 3189 3184 3177 3170 3156 3151 3150 3152 3153 3152 3150 3147 3137 3131 3124 3118 3113 3109 3107 3106 3099 3095 3091 3089 3090 3091 3091 3089 3081 3075 3070 3065 3061 3057 3053 3050 3047 3047 3044 3039 3035 3032 3030 3028 3031 3035 3039 3043 3048 3052 3052
-9999 3339 3340 3340 3341 3340 3331 3329 3326 3322 3318 3315 3311 3309 3304 3302 3298 3292 3286 3281 3274 3262 3255 3249 3241 3234 3229 3224 3219 3210 3206 3202 3197 3190 3184 3176 3169 3161 3160 3160 3162 3162 3160 3157 3152 3139 3133 3129 3124 3120 3115 3114 3113 3105 3099 3096 3095 3097 3097 3095 3093 3085 3080 3075 3072 3069 3066 3062 3060 3057 3055 3051 3045 3040 3035 3031 3028 3026 3028 3033 3038 3044 3049 3050
-9999 3347 3347 3348 3349 3347 3340 3336 3332 3327 3324 3321 3318 3315 3308 3303 3298 3292 3285 3279 3273 3260 3254 3248 3242 3237 3232 3227 3222 3214 3210 3204 3198 3192 3185 3176 3172 3173 3172 3169 3171 3171 3167 3161 3155 3143 3139 3135 3130 3125 3122 3121 3118 3107 3103 3101 3103 3104 3102 3099 3096 3089 3085 3081 3079 3076 3073 3070 3068 3063 3060 3056 3050 3045 3039 3034 3028 3024 3023 3027 3033 3040 3045 3045
-9999 3354 3354 3355 3356 3354 3346 3341 3337 3333 3329 3327 3324 3320 3310 3304 3298 3292 3286 3279 3273 3260 3255 3250 3245 3240 3235 3230 3226 3216 3210 3203 3196 3189 3186 3184 3184 3184 3181 3179 3179 3176 3170 3164 3158 3150 3146 3140 3134 3131 3129 3127 3122 3110 3108 3109 3110 3109 3106 3103 3100 3094 3091 3088 3084 3081 3078 3075 3071 3065 3061 3056 3051 3046 3041 3035 3029 3022 3022 3024 3030 3037 3041 3041
-9999 3360 3361 3361 3360 3358 3350 3346 3343 3339 3335 3331 3327 3322 3310 3304 3298 3292 3286 3280 3274 3264 3259 3254 3249 3244 3239 3235 3229 3216 3210 3203 3196 3192 3193 3195 3195 3192 3190 3187 3184 3179 3173 3167 3164 3156 3151 3145 3141 3139 3135 3130 3124 3115 3116 3117 3115 3113 3109 3106 3103 3098 3094 3091 3088 3085 3081 3078 3074 3064 3058 3053 3047 3042 3037 3033 3027 3021 3021 3023 3028 3034 3037 3036
-9999 3366 3367 3366 3364 3362 3356 3352 3348 3344 3339 3333 3327 3321 3309 3304 3298 3293 3287 3282 3277 3269 3264 3259 3253 3246 3240 3233 3226 3215 3210 3207 3203 3203 3203 3205 3205 3201 3198 3193 3188 3181 3177 3173 3170 3160 3155 3151 3148 3144 3138 3131 3126 3123 3124 3122 3119 3116 3113 3110 3107 3100 3097 3093 3090 3087 3084 3080 3075 3063 3056 3050 3044 3039 3033 3029 3024 3019 3020 3023 3028 3032 3033 3032
-9999 3373 3372 3370 3367 3364 3360 3357 3352 3346 3340 3334 3328 3322 3311 3306 3301 3296 3291 3287 3284 3277 3270 3264 3256 3248 3240 3232 3227 3220 3219 3216 3211 3212 3213 3214 3214 3208 3202 3196 3190 3186 3183 3179 3174 3164 3159 3156 3152 3145 3139 3133 3131 3131 3130 3127 3123 3120 3117 3113 3110 3103 3099 3095 3092 3089 3085 3081 3076 3063 3056 3050 3043 3037 3032 3027 3022 3019 3019 3022 3026 3029 3030 3029
-9999 3379 3378 3375 3372 3369 3362 3359 3354 3348 3342 3336 3330 3324 3314 3310 3305 3301 3298 3296 3292 3281 3273 3266 3259 3250 3245 3242 3238 3230 3228 3222 3220 3221 3222 3224 3221 3211 3205 3200 3196 3192 3188 3183 3177 3168 3165 3160 3155 3148 3142 3139 3138 3137 3134 3130 3127 3124 3120 3117 3113 3105 3101 3097 3094 3091 3087 3082 3076 3063 3056 3049 3042 3036 3030 3024 3020 3017 3018 3020 3024 3027 3027 3026
-9999 3379 3378 3375 3372 3369 3362 3359 3354 3348 3342 3336 3330 3324 3314 3310 3305 3301 3298 3296 3292 3281 3273 3266 3259 3250 3245 3242 3238 3230 3228 3222 3220 3221 3222 3224 3221 3211 3205 3200 3196 3192 3188 3183 3177 3168 3165 3160 3155 3148 3142 3139 3138 3137 3134 3130 3127 3124 3120 3117 3113 3105 3101 3097 3094 3091 3087 3082 3076 3063 3056 3049 3042 3036 3030 3024 3020 3017 3018 3020 3024 3027 3027 3026
-9999 3385 3382 3380 3377 3374 3367 3363 3357 3351 3345 3339 3333 3328 3319 3315 3311 3308 3305 3300 3294 3280 3273 3266 3261 3256 3255 3251 3246 3239 3233 3230 3230 3230 3230 3230 3226 3215 3210 3206 3202 3197 3191 3186 3181 3173 3169 3164 3158 3151 3148 3146 3146 3141 3138 3134 3130 3127 3124 3120 3116 3108 3104 3101 3097 3093 3088 3082 3075 3062 3056 3050 3043 3036 3029 3023 3019 3016 3017 3018 3020 3022 3023 3022
-9999 3388 3386 3384 3382 3379 3372 3366 3359 3353 3347 3342 3337 3333 3325 3321 3317 3312 3306 3300 3293 3280 3276 3273 3269 3266 3261 3256 3253 3244 3239 3239 3239 3239 3239 3236 3230 3221 3217 3212 3206 3201 3195 3190 3186 3179 3174 3168 3161 3157 3156 3155 3152 3145 3141 3138 3134 3131 3127 3123 3119 3111 3108 3104 3101 3096 3090 3083 3077 3065 3060 3057 3051 3041 3032 3026 3021 3016 3016 3017 3017 3018 3018 3019
-9999 3391 3389 3387 3385 3383 3375 3368 3362 3357 3352 3347 3342 3338 3331 3326 3320 3314 3307 3301 3296 3286 3286 3284 3279 3273 3268 3266 3262 3248 3248 3249 3248 3247 3246 3241 3237 3228 3222 3215 3209 3204 3200 3196 3192 3184 3179 3172 3166 3165 3164 3160 3157 3149 3145 3142 3138 3135 3131 3126 3122 3115 3112 3108 3103 3098 3093 3087 3081 3069 3064 3059 3053 3045 3038 3032 3027 3017 3015 3015 3015 3015 3015 3016
-9999 3395 3392 3390 3388 3386 3379 3372 3367 3362 3357 3353 3348 3344 3333 3327 3321 3315 3310 3304 3299 3295 3296 3291 3285 3280 3276 3273 3266 3256 3258 3258 3257 3255 3252 3247 3244 3233 3226 3219 3214 3209 3206 3202 3198 3189 3183 3176 3173 3171 3168 3164 3160 3152 3149 3146 3143 3139 3134 3130 3126 3119 3115 3111 3106 3101 3095 3089 3082 3070 3064 3058 3051 3046 3041 3036 3032 3029 3023 3018 3015 3014 3013 3013
-9999 3399 3397 3394 3392 3389 3384 3378 3373 3368 3363 3358 3352 3347 3335 3330 3324 3319 3314 3308 3304 3303 3302 3296 3293 3291 3284 3276 3270 3267 3268 3267 3265 3261 3258 3254 3249 3237 3231 3225 3220 3215 3211 3207 3202 3191 3186 3181 3179 3176 3172 3168 3164 3157 3154 3151 3147 3143 3139 3135 3131 3123 3118 3114 3108 3101 3095 3089 3083 3070 3064 3058 3053 3049 3047 3043 3040 3041 3035 3027 3021 3016 3014 3013
-9999 3404 3401 3398 3395 3393 3388 3384 3379 3373 3366 3360 3354 3349 3338 3333 3329 3324 3318 3313 3311 3311 3309 3305 3301 3297 3288 3282 3279 3277 3277 3274 3271 3268 3263 3258 3253 3241 3236 3231 3226 3221 3216 3211 3206 3195 3191 3187 3184 3180 3176 3173 3170 3163 3159 3156 3152 3148 3143 3139 3135 3126 3122 3117 3110 3104 3098 3091 3085 3072 3066 3061 3058 3057 3055 3052 3052 3045 3038 3031 3026 3020 3015 3013
-9999 3410 3406 3403 3399 3396 3391 3387 3382 3376 3369 3363 3358 3352 3343 3339 3335 3329 3323 3319 3319 3320 3317 3311 3306 3299 3294 3292 3287 3286 3284 3282 3278 3274 3268 3262 3257 3247 3241 3236 3231 3225 3220 3214 3209 3200 3196 3193 3189 3185 3183 3180 3176 3168 3165 3161 3157 3152 3148 3143 3139 3131 3127 3122 3114 3108 3102 3095 3088 3076 3070 3066 3064 3064 3062 3060 3060 3051 3046 3042 3038 3033 3024 3015
-9999 3415 3411 3408 3404 3400 3394 3391 3385 3379 3373 3368 3362 3357 3349 3344 3338 3333 3329 3327 3328 3328 3322 3315 3311 3307 3304 3301 3296 3294 3292 3289 3284 3279 3273 3267 3262 3250 3244 3238 3233 3227 3223 3218 3213 3205 3202 3199 3196 3192 3190 3186 3182 3174 3171 3166 3161 3156 3152 3148 3144 3137 3131 3125 3118 3112 3106 3099 3092 3079 3075 3072 3071 3071 3069 3068 3067 3060 3057 3051 3046 3037 3030 3023
-9999 3415 3411 3408 3404 3400 3394 3391 3385 3379 3373 3368 3362 3357 3349 3344 3338 3333 3329 3327 3328 3328 3322 3315 3311 3307 3304 3301 3296 3294 3292 3289 3284 3279 3273 3267 3262 3250 3244 3238 3233 3227 3223 3218 3213 3205 3202 3199 3196 3192 3190 3186 3182 3174 3171 3166 3161 3156 3152 3148 3144 3137 3131 3125 3118 3112 3106 3099 3092 3079 3075 3072 3071 3071 3069 3068 3067 3060 3057 3051 3046 3037 3030 3023
-9999 3421 3417 3413 3409 3406 3399 3395 3390 3385 3379 3373 3367 3363 3354 3348 3344 3340 3336 3335 3337 3333 3328 3322 3318 3314 3312 3308 3304 3302 3298 3294 3289 3283 3276 3270 3264 3252 3246 3241 3236 3232 3227 3223 3218 3212 3208 3206 3203 3200 3196 3191 3187 3180 3175 3170 3165 3162 3158 3153 3150 3140 3134 3127 3120 3114 3107 3101 3095 3085 3081 3079 3078 3078 3077 3074 3073 3066 3060 3053 3044 3038 3034 3030
-9999 3426 3423 3419 3415 3411 3404 3400 3396 3392 3387 3381 3376 3371 3359 3355 3351 3347 3344 3344 3345 3339 3335 3330 3327 3323 3319 3315 3313 3308 3304 3300 3295 3289 3281 3274 3267 3256 3251 3246 3241 3237 3232 3228 3224 3219 3216 3214 3210 3207 3202 3198 3194 3185 3179 3175 3172 3168 3163 3160 3155 3142 3135 3128 3122 3116 3111 3106 3102 3091 3087 3085 3084 3084 3082 3080 3079 3069 3062 3054 3048 3044 3038 3032
-9999 3430 3429 3425 3421 3417 3409 3405 3401 3397 3392 3388 3383 3377 3366 3362 3358 3354 3352 3353 3351 3344 3340 3337 3334 3332 3328 3324 3322 3314 3310 3305 3301 3295 3288 3280 3273 3262 3256 3251 3246 3242 3238 3235 3232 3226 3224 3221 3217 3213 3208 3205 3201 3190 3186 3182 3178 3173 3169 3164 3157 3144 3139 3134 3129 3123 3117 3111 3105 3096 3093 3091 3091 3090 3088 3086 3083 3070 3063 3058 3055 3050 3042 3035
-9999 3432 3431 3430 3427 3423 3415 3410 3406 3402 3398 3393 3388 3383 3374 3371 3367 3363 3361 3359 3355 3349 3345 3342 3339 3338 3335 3332 3329 3320 3315 3310 3305 3299 3292 3286 3279 3267 3261 3256 3252 3248 3245 3242 3240 3234 3232 3228 3224 3219 3216 3212 3206 3197 3193 3188 3184 3179 3173 3166 3159 3149 3146 3141 3136 3129 3122 3115 3108 3102 3099 3098 3098 3096 3094 3090 3083 3070 3067 3064 3059 3053 3048 3044
-9999 3437 3434 3432 3431 3429 3421 3416 3411 3407 3403 3398 3393 3388 3380 3378 3375 3372 3368 3364 3360 3353 3350 3346 3343 3341 3340 3337 3333 3324 3319 3313 3307 3301 3295 3289 3282 3272 3267 3262 3259 3256 3253 3250 3247 3242 3239 3235 3230 3226 3222 3217 3213 3204 3199 3194 3190 3184 3177 3170 3164 3155 3150 3144 3137 3130 3124 3118 3114 3109 3108 3107 3105 3102 3097 3090 3083 3075 3074 3068 3063 3058 3054 3048
-9999 3444 3440 3436 3433 3432 3427 3422 3417 3412 3407 3403 3398 3394 3384 3380 3379 3377 3373 3368 3364 3356 3352 3350 3347 3345 3343 3340 3336 3327 3322 3316 3310 3304 3298 3291 3286 3277 3273 3270 3267 3264 3261 3258 3255 3250 3246 3241 3237 3232 3228 3224 3220 3210 3206 3201 3195 3188 3181 3174 3169 3158 3151 3145 3138 3131 3126 3123 3120 3117 3118 3116 3112 3107 3100 3092 3087 3083 3078 3073 3068 3063 3056 3049
-9999 3452 3448 3443 3438 3434 3431 3428 3422 3417 3412 3408 3404 3399 3389 3384 3380 3379 3376 3372 3368 3361 3357 3354 3352 3350 3347 3344 3340 3330 3325 3319 3314 3307 3301 3295 3291 3283 3280 3278 3275 3272 3270 3266 3263 3257 3252 3247 3243 3239 3236 3232 3228 3217 3212 3206 3199 3192 3185 3179 3173 3159 3152 3146 3140 3135 3133 3130 3128 3127 3129 3125 3119 3111 3104 3100 3097 3088 3083 3078 3071 3064 3058 3054
-9999 3459 3456 3450 3444 3439 3433 3431 3428 3423 3418 3413 3409 3405 3395 3390 3384 3381 3378 3374 3371 3366 3363 3360 3358 3355 3353 3349 3344 3334 3328 3323 3317 3311 3305 3301 3298 3291 3289 3286 3282 3280 3277 3274 3272 3264 3259 3254 3250 3246 3243 3240 3235 3223 3216 3209 3202 3196 3190 3182 3175 3160 3154 3149 3145 3142 3142 3140 3138 3137 3137 3133 3124 3116 3112 3110 3106 3094 3088 3081 3073 3067 3065 3063
-9999 3459 3456 3450 3444 3439 3433 3431 3428 3423 3418 3413 3409 3405 3395 3390 3384 3381 3378 3374 3371 3366 3363 3360 3358 3355 3353 3349 3344 3334 3328 3323 3317 3311 3305 3301 3298 3291 3289 3286 3282 3280 3277 3274 3272 3264 3259 3254 3250 3246 3243 3240 3235 3223 3216 3209 3202 3196 3190 3182 3175 3160 3154 3149 3145 3142 3142 3140 3138 3137 3137 3133 3124 3116 3112 3110 3106 3094 3088 3081 3073 3067 3065 3063
-9999 3466 3461 3456 3450 3444 3434 3431 3430 3428 3424 3419 3414 3410 3400 3395 3389 3384 3380 3377 3373 3369 3367 3364 3362 3360 3357 3354 3349 3338 3332 3326 3321 3316 3312 3308 3305 3299 3297 3293 3290 3287 3285 3282 3279 3271 3266 3261 3257 3253 3250 3245 3239 3226 3219 3213 3207 3202 3195 3187 3178 3163 3158 3154 3151 3149 3151 3151 3150 3147 3144 3137 3128 3124 3123 3118 3111 3097 3090 3083 3078 3076 3075 3072
