finalproject/gy301_3dprint.asc
ncols         87
nrows         83
xllcorner     -11964972.651449
yllcorner     4580689.7806502
cellsize      11.611973676531
NODATA_value  -9999
[rows 0 to 37 of 83, columns 0 to 83 of 87]
-9999 3181 3179 3176 3173 3171 3166 3164 3162 3159 3157 3155 3152 3149 3147 3147 3145 3144 3144 3143 3141 3138 3136 3135 3134 3132 3130 3129 3128 3126 3124 3122 3121 3120 3118 3116 3115 3111 3109 3108 3106 3102 3096 3091 3091 3096 3100 3104 3105 3105 3105 3106 3107 3109 3111 3112 3113 3114 3115 3116 3118 3121 3122 3123 3125 3126 3127 3129 3130 3132 3132 3133 3134 3135 3136 3136 3137 3139 3140 3141 3142 3143 3144 3144
-9999 3188 3185 3182 3179 3176 3171 3169 3167 3165 3162 3160 3158 3155 3152 3150 3149 3148 3147 3145 3143 3140 3138 3136 3135 3133 3132 3130 3130 3127 3124 3122 3121 3120 3118 3117 3116 3113 3111 3109 3107 3104 3099 3093 3090 3096 3100 3102 3103 3103 3104 3106 3107 3109 3110 3111 3112 3113 3114 3116 3117 3120 3121 3122 3123 3125 3126 3127 3129 3129 3130 3131 3132 3132 3133 3134 3135 3136 3137 3138 3140 3141 3142 3142
-9999 3188 3185 3182 3179 3176 3171 3169 3167 3165 3162 3160 3158 3155 3152 3150 3149 3148 3147 3145 3143 3140 3138 3136 3135 3133 3132 3130 3130 3127 3124 3122 3121 3120 3118 3117 3116 3113 3111 3109 3107 3104 3099 3093 3090 3096 3100 3102 3103 3103 3104 3106 3107 3109 3110 3111 3112 3113 3114 3116 3117 3120 3121 3122 3123 3125 3126 3127 3129 3129 3130 3131 3132 3132 3133 3134 3135 3136 3137 3138 3140 3141 3142 3142
-9999 3194 3191 3188 3185 3182 3177 3174 3172 3170 3168 3165 3163 3161 3156 3155 3153 3152 3151 3149 3147 3143 3141 3138 3136 3135 3133 3132 3131 3128 3125 3123 3122 3120 3118 3117 3115 3113 3111 3109 3107 3105 3101 3095 3091 3092 3097 3100 3101 3101 3103 3105 3106 3108 3109 3111 3112 3113 3114 3115 3117 3119 3120 3121 3122 3124 3125 3126 3127 3128 3127 3128 3129 3130 3131 3132 3133 3134 3135 3136 3137 3138 3139 3140
-9999 3201 3198 3194 3191 3188 3182 3180 3177 3175 3173 3170 3168 3166 3161 3159 3157 3156 3154 3152 3150 3146 3144 3141 3139 3137 3135 3133 3132 3128 3126 3125 3123 3121 3118 3116 3115 3112 3111 3108 3106 3104 3101 3096 3091 3090 3093 3096 3097 3099 3102 3104 3105 3108 3109 3110 3111 3112 3113 3115 3116 3118 3119 3120 3121 3123 3124 3124 3125 3126 3126 3126 3127 3128 3129 3129 3131 3132 3133 3134 3135 3136 3137 3138
-9999 3207 3204 3201 3197 3194 3188 3185 3183 3180 3177 3174 3172 3169 3165 3163 3161 3159 3157 3155 3153 3148 3146 3144 3141 3139 3136 3134 3133 3129 3127 3125 3123 3121 3118 3117 3115 3112 3110 3108 3106 3104 3101 3096 3092 3085 3088 3090 3093 3097 3101 3103 3105 3107 3108 3109 3110 3111 3113 3114 3115 3117 3118 3119 3120 3121 3122 3122 3122 3124 3124 3124 3125 3126 3127 3127 3129 3130 3131 3132 3133 3134 3135 3136
-9999 3213 3210 3207 3203 3199 3193 3190 3188 3185 3182 3179 3176 3173 3168 3166 3164 3162 3159 3157 3155 3150 3148 3146 3143 3140 3137 3135 3132 3128 3126 3124 3122 3120 3118 3116 3115 3112 3110 3108 3106 3104 3101 3097 3093 3082 3083 3085 3089 3093 3098 3102 3104 3106 3107 3108 3109 3110 3112 3113 3114 3116 3117 3117 3119 3120 3120 3120 3121 3122 3122 3122 3123 3124 3125 3126 3127 3128 3129 3130 3130 3131 3133 3134
-9999 3219 3216 3212 3209 3205 3198 3196 3193 3190 3187 3184 3180 3177 3172 3169 3167 3164 3162 3159 3157 3152 3150 3147 3145 3142 3139 3136 3133 3129 3127 3124 3122 3120 3118 3116 3114 3111 3109 3107 3105 3103 3101 3097 3093 3081 3081 3082 3085 3091 3097 3101 3103 3105 3106 3107 3108 3109 3111 3112 3113 3114 3115 3116 3117 3118 3118 3118 3119 3120 3120 3121 3121 3122 3123 3124 3125 3127 3127 3128 3128 3129 3130 3132
-9999 3224 3221 3218 3214 3211 3204 3201 3198 3195 3192 3188 3185 3181 3175 3172 3169 3167 3164 3162 3160 3154 3152 3149 3146 3144 3141 3138 3135 3130 3128 3125 3123 3120 3118 3115 3113 3109 3108 3106 3104 3102 3100 3097 3092 3080 3080 3081 3083 3088 3094 3098 3101 3104 3105 3106 3107 3109 3110 3111 3112 3113 3114 3114 3115 3116 3116 3117 3116 3118 3118 3119 3120 3120 3121 3122 3123 3124 3125 3126 3126 3126 3128 3130
-9999 3230 3226 3223 3219 3216 3209 3206 3203 3200 3197 3193 3190 3185 3178 3175 3172 3169 3167 3164 3162 3157 3154 3151 3148 3146 3143 3140 3137 3132 3129 3126 3123 3120 3118 3115 3113 3109 3107 3106 3104 3102 3100 3097 3092 3080 3079 3079 3082 3086 3090 3095 3098 3102 3103 3104 3106 3107 3109 3110 3110 3112 3112 3113 3114 3114 3115 3115 3114 3116 3117 3118 3118 3118 3119 3120 3121 3122 3123 3123 3124 3124 3126 3128
-9999 3234 3231 3227 3224 3221 3214 3211 3208 3204 3201 3197 3194 3189 3182 3178 3175 3172 3169 3167 3164 3158 3156 3153 3150 3147 3145 3142 3139 3133 3130 3127 3123 3120 3118 3115 3113 3109 3107 3106 3104 3102 3100 3098 3093 3082 3078 3078 3080 3083 3087 3091 3095 3100 3102 3104 3105 3106 3107 3109 3109 3110 3110 3111 3112 3113 3113 3112 3113 3114 3116 3116 3116 3116 3117 3118 3119 3120 3121 3121 3122 3122 3125 3127
-9999 3234 3231 3227 3224 3221 3214 3211 3208 3204 3201 3197 3194 3189 3182 3178 3175 3172 3169 3167 3164 3158 3156 3153 3150 3147 3145 3142 3139 3133 3130 3127 3123 3120 3118 3115 3113 3109 3107 3106 3104 3102 3100 3098 3093 3082 3078 3078 3080 3083 3087 3091 3095 3100 3102 3104 3105 3106 3107 3109 3109 3110 3110 3111 3112 3113 3113 3112 3113 3114 3116 3116 3116 3116 3117 3118 3119 3120 3121 3121 3122 3122 3125 3127
-9999 3239 3235 3232 3229 3226 3219 3215 3212 3209 3205 3201 3197 3193 3185 3182 3179 3175 3172 3169 3166 3161 3158 3155 3152 3149 3146 3143 3140 3134 3130 3127 3123 3120 3118 3116 3114 3110 3108 3107 3105 3103 3101 3098 3094 3083 3078 3077 3078 3082 3085 3088 3092 3099 3102 3103 3104 3105 3106 3107 3108 3108 3109 3110 3110 3111 3111 3110 3111 3113 3114 3114 3114 3114 3115 3117 3118 3118 3119 3119 3119 3120 3123 3125
-9999 3243 3240 3236 3233 3230 3223 3220 3216 3213 3209 3205 3202 3197 3189 3185 3182 3178 3175 3172 3169 3163 3160 3157 3154 3151 3148 3145 3141 3134 3130 3127 3123 3120 3119 3117 3115 3111 3109 3107 3105 3104 3102 3098 3093 3082 3076 3076 3077 3081 3085 3089 3093 3100 3102 3103 3103 3104 3105 3106 3106 3107 3108 3108 3109 3109 3109 3109 3110 3111 3112 3112 3112 3112 3114 3116 3116 3116 3117 3117 3117 3118 3121 3123
-9999 3247 3244 3240 3237 3233 3226 3223 3220 3217 3213 3209 3205 3201 3193 3189 3185 3181 3177 3174 3171 3165 3162 3159 3156 3153 3149 3145 3142 3134 3131 3127 3124 3122 3120 3118 3116 3111 3109 3108 3106 3105 3101 3096 3090 3080 3075 3075 3077 3081 3086 3091 3095 3100 3101 3102 3103 3103 3104 3104 3105 3106 3106 3107 3107 3107 3108 3107 3108 3109 3110 3109 3110 3110 3112 3114 3114 3114 3115 3115 3115 3116 3119 3122
-9999 3252 3248 3244 3240 3237 3230 3226 3223 3220 3217 3213 3209 3205 3196 3191 3187 3183 3180 3176 3173 3167 3164 3161 3157 3154 3150 3146 3142 3135 3132 3129 3125 3124 3122 3119 3117 3112 3111 3109 3108 3105 3100 3094 3088 3078 3074 3074 3078 3082 3086 3091 3096 3100 3100 3101 3102 3102 3103 3103 3103 3104 3105 3105 3106 3106 3106 3105 3107 3107 3107 3107 3108 3109 3110 3111 3112 3112 3112 3112 3113 3114 3116 3120
-9999 3256 3252 3248 3244 3240 3233 3230 3227 3224 3220 3216 3212 3207 3198 3194 3190 3186 3183 3180 3177 3170 3167 3163 3159 3154 3151 3147 3143 3136 3133 3130 3127 3126 3123 3121 3118 3115 3113 3112 3109 3106 3100 3093 3087 3076 3072 3074 3078 3081 3085 3090 3095 3099 3100 3100 3100 3101 3101 3102 3102 3103 3103 3104 3104 3104 3104 3104 3105 3106 3105 3105 3106 3107 3108 3109 3109 3110 3110 3110 3110 3111 3114 3118
-9999 3260 3256 3252 3248 3244 3236 3233 3230 3226 3222 3218 3213 3209 3201 3197 3193 3190 3186 3183 3180 3173 3169 3164 3160 3156 3153 3149 3145 3137 3134 3132 3130 3128 3125 3122 3120 3117 3115 3113 3110 3106 3100 3093 3087 3075 3071 3072 3076 3079 3084 3088 3093 3099 3099 3099 3099 3100 3100 3100 3101 3101 3101 3102 3102 3102 3102 3103 3104 3104 3103 3103 3105 3105 3106 3106 3106 3108 3108 3108 3108 3109 3112 3115
-9999 3264 3260 3255 3251 3247 3240 3236 3232 3228 3223 3219 3214 3211 3204 3200 3197 3193 3190 3186 3182 3175 3171 3167 3163 3159 3155 3151 3147 3138 3135 3134 3132 3129 3126 3124 3122 3118 3116 3114 3112 3107 3100 3094 3087 3076 3073 3073 3075 3077 3081 3086 3091 3098 3098 3098 3098 3098 3099 3099 3100 3100 3100 3100 3100 3100 3100 3102 3102 3102 3101 3101 3102 3102 3102 3102 3103 3106 3106 3106 3106 3106 3109 3113
-9999 3268 3263 3259 3255 3251 3242 3238 3233 3229 3224 3220 3216 3213 3207 3204 3200 3197 3193 3189 3184 3177 3173 3169 3165 3161 3157 3153 3148 3140 3138 3136 3133 3130 3127 3125 3123 3120 3118 3116 3113 3108 3101 3095 3088 3077 3074 3073 3074 3076 3079 3083 3089 3096 3096 3097 3097 3097 3097 3097 3098 3098 3097 3097 3098 3098 3098 3099 3100 3100 3099 3099 3099 3099 3099 3100 3100 3103 3104 3104 3104 3104 3107 3111
-9999 3268 3263 3259 3255 3251 3242 3238 3233 3229 3224 3220 3216 3213 3207 3204 3200 3197 3193 3189 3184 3177 3173 3169 3165 3161 3157 3153 3148 3140 3138 3136 3133 3130 3127 3125 3123 3120 3118 3116 3113 3108 3101 3095 3088 3077 3074 3073 3074 3076 3079 3083 3089 3096 3096 3097 3097 3097 3097 3097 3098 3098 3097 3097 3098 3098 3098 3099 3100 3100 3099 3099 3099 3099 3099 3100 3100 3103 3104 3104 3104 3104 3107 3111
-9999 3271 3267 3263 3258 3254 3244 3239 3235 3230 3226 3222 3219 3216 3211 3207 3204 3200 3195 3191 3187 3179 3175 3171 3167 3163 3158 3154 3150 3142 3140 3137 3134 3132 3130 3128 3126 3122 3120 3118 3115 3109 3103 3096 3090 3077 3074 3074 3074 3076 3079 3082 3086 3095 3096 3096 3096 3096 3095 3095 3095 3096 3096 3095 3096 3096 3095 3096 3096 3096 3096 3096 3097 3097 3097 3098 3099 3101 3103 3103 3102 3102 3104 3108
-9999 3275 3271 3266 3262 3257 3246 3241 3236 3232 3228 3225 3223 3220 3214 3210 3206 3202 3198 3194 3190 3182 3177 3173 3168 3163 3159 3154 3150 3145 3142 3139 3136 3134 3132 3130 3128 3124 3122 3119 3116 3110 3104 3097 3091 3079 3076 3075 3074 3076 3078 3081 3085 3093 3094 3095 3095 3094 3094 3094 3093 3094 3093 3093 3094 3094 3092 3094 3093 3094 3094 3094 3095 3095 3096 3097 3098 3099 3100 3101 3100 3100 3101 3104
-9999 3279 3274 3269 3264 3259 3248 3243 3238 3235 3232 3230 3227 3224 3216 3212 3208 3204 3201 3197 3192 3183 3178 3173 3167 3163 3158 3154 3151 3146 3143 3141 3139 3137 3135 3132 3130 3125 3123 3120 3117 3111 3105 3098 3092 3080 3076 3075 3075 3075 3076 3079 3083 3091 3093 3094 3093 3093 3093 3092 3091 3091 3090 3091 3092 3091 3090 3091 3090 3092 3092 3092 3092 3093 3094 3096 3096 3097 3098 3098 3098 3098 3098 3100
-9999 3281 3276 3271 3266 3260 3250 3245 3242 3239 3237 3234 3231 3227 3217 3213 3210 3206 3203 3199 3194 3184 3179 3173 3168 3163 3159 3156 3154 3148 3146 3144 3141 3139 3136 3134 3131 3126 3123 3119 3115 3111 3106 3100 3095 3081 3078 3076 3074 3072 3074 3077 3082 3088 3091 3093 3092 3091 3091 3090 3089 3087 3087 3089 3090 3088 3086 3087 3088 3090 3090 3090 3091 3091 3093 3094 3094 3094 3094 3095 3096 3096 3096 3097
-9999 3283 3278 3272 3267 3261 3253 3250 3247 3244 3241 3238 3234 3230 3220 3216 3213 3209 3205 3201 3196 3186 3181 3175 3170 3165 3161 3159 3156 3150 3148 3145 3142 3139 3136 3133 3130 3124 3121 3117 3112 3107 3103 3099 3095 3084 3080 3078 3075 3072 3072 3074 3080 3086 3090 3091 3091 3090 3089 3088 3086 3084 3085 3086 3086 3084 3082 3084 3086 3088 3087 3087 3089 3090 3091 3092 3092 3092 3092 3092 3093 3094 3095 3094
-9999 3284 3279 3273 3268 3263 3257 3255 3252 3249 3245 3241 3237 3233 3224 3220 3216 3211 3207 3202 3198 3187 3182 3176 3171 3167 3164 3160 3157 3150 3147 3144 3141 3138 3134 3131 3128 3121 3117 3113 3109 3104 3099 3095 3092 3085 3081 3078 3075 3074 3072 3073 3077 3084 3087 3089 3089 3088 3087 3085 3083 3082 3082 3082 3082 3081 3079 3081 3083 3084 3083 3084 3086 3088 3089 3089 3089 3089 3090 3091 3092 3093 3093 3092
-9999 3284 3279 3274 3270 3267 3262 3260 3257 3253 3249 3245 3240 3236 3227 3223 3218 3213 3208 3203 3198 3187 3182 3176 3172 3169 3165 3161 3158 3151 3147 3144 3140 3136 3133 3129 3126 3118 3115 3111 3107 3103 3099 3096 3093 3086 3082 3077 3074 3072 3071 3072 3075 3081 3084 3086 3086 3085 3084 3082 3081 3079 3080 3080 3079 3078 3077 3079 3081 3081 3079 3082 3084 3085 3086 3086 3086 3087 3087 3088 3090 3090 3091 3090
-9999 3285 3281 3277 3274 3272 3267 3264 3260 3256 3252 3248 3244 3239 3230 3225 3219 3213 3208 3202 3196 3186 3181 3178 3174 3171 3167 3163 3159 3151 3148 3144 3140 3136 3133 3129 3125 3118 3115 3111 3108 3105 3102 3100 3097 3089 3082 3076 3073 3071 3070 3070 3072 3078 3081 3083 3083 3082 3081 3080 3079 3077 3078 3078 3077 3074 3073 3075 3077 3077 3076 3079 3081 3082 3081 3082 3082 3084 3085 3086 3087 3088 3088 3088
-9999 3285 3281 3277 3274 3272 3267 3264 3260 3256 3252 3248 3244 3239 3230 3225 3219 3213 3208 3202 3196 3186 3181 3178 3174 3171 3167 3163 3159 3151 3148 3144 3140 3136 3133 3129 3125 3118 3115 3111 3108 3105 3102 3100 3097 3089 3082 3076 3073 3071 3070 3070 3072 3078 3081 3083 3083 3082 3081 3080 3079 3077 3078 3078 3077 3074 3073 3075 3077 3077 3076 3079 3081 3082 3081 3082 3082 3084 3085 3086 3087 3088 3088 3088
-9999 3287 3284 3282 3279 3277 3271 3268 3264 3259 3255 3251 3247 3242 3230 3224 3218 3212 3206 3200 3194 3186 3183 3179 3175 3172 3168 3165 3161 3154 3151 3147 3143 3139 3135 3131 3127 3121 3118 3116 3113 3111 3108 3106 3103 3091 3083 3077 3072 3069 3067 3067 3069 3076 3079 3080 3080 3080 3079 3078 3077 3074 3075 3075 3074 3071 3069 3070 3072 3072 3072 3075 3077 3077 3077 3077 3077 3079 3081 3083 3085 3085 3085 3085
-9999 3291 3289 3287 3285 3282 3275 3271 3266 3261 3257 3252 3248 3242 3230 3224 3217 3211 3205 3199 3195 3189 3185 3181 3177 3173 3170 3167 3164 3157 3153 3150 3146 3143 3139 3135 3132 3126 3123 3120 3117 3114 3112 3109 3105 3091 3084 3077 3072 3067 3064 3064 3066 3074 3076 3077 3077 3078 3078 3077 3076 3073 3071 3071 3071 3069 3066 3065 3067 3068 3069 3071 3073 3073 3073 3073 3073 3075 3078 3080 3082 3083 3083 3083
-9999 3296 3294 3291 3289 3285 3276 3271 3266 3260 3254 3249 3245 3240 3228 3222 3216 3210 3205 3200 3197 3190 3187 3183 3180 3176 3173 3170 3166 3158 3155 3152 3149 3145 3141 3137 3133 3126 3123 3120 3118 3115 3113 3110 3105 3091 3084 3079 3073 3068 3063 3061 3062 3071 3074 3074 3074 3075 3076 3076 3075 3072 3070 3068 3066 3066 3064 3063 3064 3065 3065 3067 3069 3069 3070 3070 3070 3072 3075 3077 3079 3080 3081 3082
-9999 3300 3298 3295 3291 3287 3275 3269 3263 3257 3251 3246 3241 3236 3226 3220 3214 3210 3206 3203 3199 3194 3192 3188 3184 3180 3177 3173 3169 3162 3159 3155 3151 3147 3143 3138 3134 3127 3125 3123 3120 3117 3115 3111 3107 3093 3087 3081 3076 3070 3065 3061 3060 3067 3071 3072 3073 3073 3074 3074 3073 3071 3070 3068 3066 3063 3061 3060 3062 3063 3062 3063 3065 3066 3066 3066 3067 3069 3072 3074 3076 3077 3079 3080
-9999 3301 3298 3294 3290 3285 3273 3267 3262 3256 3250 3244 3238 3233 3223 3219 3215 3211 3208 3205 3203 3201 3198 3193 3189 3186 3182 3178 3174 3167 3163 3158 3153 3149 3144 3140 3137 3131 3129 3126 3123 3120 3117 3113 3108 3097 3091 3085 3079 3074 3069 3064 3060 3063 3067 3071 3071 3071 3072 3073 3072 3070 3070 3069 3067 3064 3060 3058 3060 3061 3060 3061 3062 3063 3063 3064 3064 3067 3069 3071 3073 3074 3076 3078
-9999 3297 3294 3291 3287 3283 3272 3266 3261 3255 3249 3243 3237 3232 3225 3222 3219 3216 3213 3211 3209 3206 3203 3199 3196 3192 3188 3184 3179 3171 3166 3161 3156 3152 3148 3144 3140 3135 3133 3129 3126 3123 3119 3114 3109 3099 3093 3087 3082 3077 3072 3066 3060 3059 3064 3067 3069 3070 3070 3070 3070 3068 3068 3067 3065 3063 3059 3056 3057 3059 3058 3059 3060 3061 3061 3062 3063 3065 3066 3068 3070 3072 3073 3075
-9999 3294 3291 3288 3285 3281 3270 3265 3259 3254 3248 3242 3238 3235 3231 3229 3226 3223 3221 3219 3216 3212 3209 3206 3202 3198 3193 3189 3184 3176 3170 3165 3161 3156 3152 3148 3145 3140 3136 3132 3128 3123 3118 3113 3108 3099 3094 3089 3085 3080 3074 3067 3060 3057 3061 3063 3065 3067 3067 3067 3067 3065 3064 3064 3062 3061 3059 3056 3054 3056 3055 3056 3059 3060 3060 3061 3061 3064 3065 3066 3067 3069 3070 3072
-9999 3295 3292 3288 3284 3280 3270 3264 3258 3253 3249 3246 3244 3243 3239 3236 3234 3231 3228 3225 3223 3218 3215 3212 3207 3203 3198 3194 3189 3180 3175 3170 3165 3160 3156 3152 3149 3143 3138 3133 3128 3122 3118 3113 3109 3100 3096 3091 3086 3080 3075 3069 3062 3058 3059 3059 3061 3063 3064 3064 3063 3060 3059 3059 3059 3058 3057 3055 3052 3054 3052 3055 3058 3059 3059 3060 3060 3062 3063 3064 3065 3066 3067 3069
